[gd_scene load_steps=9 format=3 uid="uid://dr567v7nywjdt"]

[ext_resource type="PackedScene" uid="uid://r6c5xfkfev64" path="res://level/BaseLevel.tscn" id="1_vm2aq"]
[ext_resource type="Script" uid="uid://bfd2xt6qy2gfi" path="res://level/Level5.gd" id="2_k3irw"]
[ext_resource type="PackedScene" uid="uid://olf3xpdlfxs" path="res://assets/architecture/floor/regular/RegularFloorPlate.tscn" id="3_u7efl"]
[ext_resource type="PackedScene" uid="uid://dana7u7dfrvfe" path="res://assets/architecture/wall/WallBow.tscn" id="4_kw3de"]
[ext_resource type="PackedScene" uid="uid://d0fm5sijs3e0g" path="res://assets/architecture/wall/StraigthWall.tscn" id="5_tf57m"]
[ext_resource type="PackedScene" uid="uid://c4frnd44exhvu" path="res://assets/architecture/wall/WallCorner.tscn" id="6_djpb2"]
[ext_resource type="PackedScene" uid="uid://dn72v4tcielvb" path="res://assets/architecture/floor/start/StartFloorPlate.tscn" id="7_1k1mr"]
[ext_resource type="PackedScene" uid="uid://craoy8cx6i3ao" path="res://assets/architecture/floor/end/EndFloorPlate.tscn" id="8_2d35u"]

[node name="Level5" instance=ExtResource("1_vm2aq")]
script = ExtResource("2_k3irw")

[node name="DirectionalLight3D" parent="." index="1"]
transform = Transform3D(-0.8660254, -0.43301278, 0.25, 0, 0.49999997, 0.86602545, -0.50000006, 0.75, -0.43301266, 0, 0, -8)

[node name="ressourced" type="Node3D" parent="." index="2"]
transform = Transform3D(-0.8660254, -0.43301278, 0.25, 0, 0.49999997, 0.86602545, -0.50000006, 0.75, -0.43301266, 0, 0, -8)

[node name="RegularFloorPlate1" parent="ressourced" index="0" instance=ExtResource("3_u7efl")]
transform = Transform3D(-0.8660254, 1.0908407e-08, -0.50000006, -0.43301278, 0.5, 0.75, 0.24999997, 0.86602545, -0.4330127, 13.856406, 6.9282045, -4)

[node name="RegularFloorPlate2" parent="ressourced" index="1" instance=ExtResource("3_u7efl")]
transform = Transform3D(-0.8660254, 2.381319e-08, -0.50000006, -0.4330128, 0.5, 0.75, 0.24999996, 0.86602545, -0.4330127, 12.124355, 6.062179, -3.4999998)

[node name="RegularFloorPlate3" parent="ressourced" index="2" instance=ExtResource("3_u7efl")]
transform = Transform3D(-0.8660255, 2.381319e-08, -0.50000006, -0.43301287, 0.5, 0.75, 0.24999997, 0.86602545, -0.4330127, 10.392304, 5.1961536, -2.9999995)

[node name="RegularFloorPlate4" parent="ressourced" index="3" instance=ExtResource("3_u7efl")]
transform = Transform3D(-0.8660255, 2.381319e-08, -0.50000006, -0.4330129, 0.5, 0.75, 0.24999996, 0.86602545, -0.4330127, 8.660254, 4.3301287, -2.4999995)

[node name="RegularFloorPlate5" parent="ressourced" index="4" instance=ExtResource("3_u7efl")]
transform = Transform3D(-0.8660255, 2.381319e-08, -0.50000006, -0.4330129, 0.5, 0.75, 0.24999993, 0.86602545, -0.4330127, 6.9282036, 3.4641037, -1.9999998)

[node name="RegularFloorPlate6" parent="ressourced" index="5" instance=ExtResource("3_u7efl")]
transform = Transform3D(-0.8660255, 2.381319e-08, -0.50000006, -0.4330129, 0.5, 0.75, 0.24999991, 0.86602545, -0.4330127, 5.1961527, 2.598078, -1.4999996)

[node name="RegularFloorPlate7" parent="ressourced" index="6" instance=ExtResource("3_u7efl")]
transform = Transform3D(-0.8660255, 2.381319e-08, -0.50000006, -0.43301287, 0.5, 0.75, 0.24999988, 0.86602545, -0.4330127, 3.4641018, 1.7320527, -0.99999964)

[node name="RegularFloorPlate8" parent="ressourced" index="7" instance=ExtResource("3_u7efl")]
transform = Transform3D(-0.8660255, 2.381319e-08, -0.50000006, -0.4330129, 0.5, 0.75, 0.24999987, 0.86602545, -0.4330127, 1.7320511, 0.8660272, -0.49999964)

[node name="RegularFloorPlate9" parent="ressourced" index="8" instance=ExtResource("3_u7efl")]
transform = Transform3D(-0.8660255, 2.381319e-08, -0.50000006, -0.4330129, 0.5, 0.75, 0.24999985, 0.86602545, -0.4330127, 3.7887128e-07, 1.6497495e-06, 3.5520154e-07)

[node name="RegularFloorPlate10" parent="ressourced" index="9" instance=ExtResource("3_u7efl")]
transform = Transform3D(-0.8660255, 2.381319e-08, -0.50000006, -0.43301293, 0.5, 0.75, 0.24999982, 0.86602545, -0.4330127, -1.7320504, -0.86602396, 0.50000036)

[node name="RegularFloorPlate11" parent="ressourced" index="10" instance=ExtResource("3_u7efl")]
transform = Transform3D(-0.8660255, 2.381319e-08, -0.50000006, -0.43301293, 0.5, 0.75, 0.2499998, 0.86602545, -0.4330127, -3.4641013, -1.7320495, 1.0000004)

[node name="RegularFloorPlate12" parent="ressourced" index="11" instance=ExtResource("3_u7efl")]
transform = Transform3D(-0.8660255, 2.381319e-08, -0.50000006, -0.43301293, 0.5, 0.75, 0.24999979, 0.86602545, -0.4330127, -5.196152, -2.5980752, 1.5000002)

[node name="RegularFloorPlate153" parent="ressourced" index="12" instance=ExtResource("3_u7efl")]
transform = Transform3D(-0.8660255, 2.381319e-08, -0.50000006, -0.43301287, 0.5, 0.75, 0.24999988, 0.86602545, -0.4330127, 6.196153, 1.0980787, -0.6339743)

[node name="RegularFloorPlate154" parent="ressourced" index="13" instance=ExtResource("3_u7efl")]
transform = Transform3D(-0.8660255, 2.381319e-08, -0.50000006, -0.4330129, 0.5, 0.75, 0.24999987, 0.86602545, -0.4330127, 4.4641013, 0.2320528, -0.13397431)

[node name="RegularFloorPlate155" parent="ressourced" index="14" instance=ExtResource("3_u7efl")]
transform = Transform3D(-0.8660255, 2.381319e-08, -0.50000006, -0.4330129, 0.5, 0.75, 0.24999985, 0.86602545, -0.4330127, 2.7320514, -0.63397264, 0.3660257)

[node name="RegularFloorPlate156" parent="ressourced" index="15" instance=ExtResource("3_u7efl")]
transform = Transform3D(-0.8660255, 2.381319e-08, -0.50000006, -0.43301293, 0.5, 0.75, 0.24999982, 0.86602545, -0.4330127, 1.0000005, -1.4999981, 0.8660259)

[node name="RegularFloorPlate157" parent="ressourced" index="16" instance=ExtResource("3_u7efl")]
transform = Transform3D(-0.8660255, 2.381319e-08, -0.50000006, -0.43301293, 0.5, 0.75, 0.2499998, 0.86602545, -0.4330127, -0.7320504, -2.366024, 1.3660254)

[node name="RegularFloorPlate158" parent="ressourced" index="17" instance=ExtResource("3_u7efl")]
transform = Transform3D(-0.8660255, 2.381319e-08, -0.50000006, -0.43301293, 0.5, 0.75, 0.24999979, 0.86602545, -0.4330127, -2.4641013, -3.232049, 1.8660254)

[node name="RegularFloorPlate159" parent="ressourced" index="18" instance=ExtResource("3_u7efl")]
transform = Transform3D(-0.8660255, 2.381319e-08, -0.50000006, -0.43301293, 0.5, 0.75, 0.24999978, 0.86602545, -0.4330127, -4.196152, -4.098075, 2.3660254)

[node name="RegularFloorPlate160" parent="ressourced" index="19" instance=ExtResource("3_u7efl")]
transform = Transform3D(-0.8660255, 2.381319e-08, -0.50000006, -0.4330129, 0.5, 0.75, 0.24999987, 0.86602545, -0.4330127, 7.196153, -0.40192127, 0.23205137)

[node name="RegularFloorPlate161" parent="ressourced" index="20" instance=ExtResource("3_u7efl")]
transform = Transform3D(-0.8660255, 2.381319e-08, -0.50000006, -0.4330129, 0.5, 0.75, 0.24999985, 0.86602545, -0.4330127, 5.4641013, -1.2679472, 0.7320514)

[node name="RegularFloorPlate162" parent="ressourced" index="21" instance=ExtResource("3_u7efl")]
transform = Transform3D(-0.8660255, 2.381319e-08, -0.50000006, -0.43301293, 0.5, 0.75, 0.24999982, 0.86602545, -0.4330127, 3.7320514, -2.1339722, 1.2320514)

[node name="RegularFloorPlate163" parent="ressourced" index="22" instance=ExtResource("3_u7efl")]
transform = Transform3D(-0.8660255, 2.381319e-08, -0.50000006, -0.43301293, 0.5, 0.75, 0.2499998, 0.86602545, -0.4330127, 2.0000005, -2.999998, 1.7320514)

[node name="RegularFloorPlate164" parent="ressourced" index="23" instance=ExtResource("3_u7efl")]
transform = Transform3D(-0.8660255, 2.381319e-08, -0.50000006, -0.43301293, 0.5, 0.75, 0.24999979, 0.86602545, -0.4330127, 0.26794958, -3.866024, 2.232051)

[node name="RegularFloorPlate165" parent="ressourced" index="24" instance=ExtResource("3_u7efl")]
transform = Transform3D(-0.8660255, 2.381319e-08, -0.50000006, -0.43301293, 0.5, 0.75, 0.24999978, 0.86602545, -0.4330127, -1.4641018, -4.732048, 2.732051)

[node name="RegularFloorPlate166" parent="ressourced" index="25" instance=ExtResource("3_u7efl")]
transform = Transform3D(-0.8660255, 2.381319e-08, -0.50000006, -0.43301296, 0.5, 0.75, 0.24999976, 0.86602545, -0.4330127, -3.1961522, -5.598075, 3.2320514)

[node name="RegularFloorPlate167" parent="ressourced" index="26" instance=ExtResource("3_u7efl")]
transform = Transform3D(-0.8660255, 2.381319e-08, -0.50000006, -0.4330129, 0.5, 0.75, 0.24999985, 0.86602545, -0.4330127, 8.196154, -1.9019208, 1.0980763)

[node name="RegularFloorPlate168" parent="ressourced" index="27" instance=ExtResource("3_u7efl")]
transform = Transform3D(-0.8660255, 2.381319e-08, -0.50000006, -0.43301293, 0.5, 0.75, 0.24999982, 0.86602545, -0.4330127, 6.4641013, -2.7679472, 1.5980768)

[node name="RegularFloorPlate169" parent="ressourced" index="28" instance=ExtResource("3_u7efl")]
transform = Transform3D(-0.8660255, 2.381319e-08, -0.50000006, -0.43301293, 0.5, 0.75, 0.2499998, 0.86602545, -0.4330127, 4.7320514, -3.6339722, 2.0980768)

[node name="RegularFloorPlate170" parent="ressourced" index="29" instance=ExtResource("3_u7efl")]
transform = Transform3D(-0.8660255, 2.381319e-08, -0.50000006, -0.43301293, 0.5, 0.75, 0.24999979, 0.86602545, -0.4330127, 3.0000005, -4.499998, 2.5980768)

[node name="RegularFloorPlate171" parent="ressourced" index="30" instance=ExtResource("3_u7efl")]
transform = Transform3D(-0.8660255, 2.381319e-08, -0.50000006, -0.43301293, 0.5, 0.75, 0.24999978, 0.86602545, -0.4330127, 1.2679496, -5.366024, 3.0980759)

[node name="RegularFloorPlate172" parent="ressourced" index="31" instance=ExtResource("3_u7efl")]
transform = Transform3D(-0.8660255, 2.381319e-08, -0.50000006, -0.43301296, 0.5, 0.75, 0.24999976, 0.86602545, -0.4330127, -0.4641013, -6.232048, 3.5980768)

[node name="RegularFloorPlate173" parent="ressourced" index="32" instance=ExtResource("3_u7efl")]
transform = Transform3D(-0.86602557, 2.381319e-08, -0.50000006, -0.433013, 0.5, 0.75, 0.24999978, 0.86602545, -0.4330127, -2.1961522, -7.098075, 4.0980763)

[node name="RegularFloorPlate174" parent="ressourced" index="33" instance=ExtResource("3_u7efl")]
transform = Transform3D(-0.8660255, 2.381319e-08, -0.50000006, -0.43301293, 0.5, 0.75, 0.24999982, 0.86602545, -0.4330127, 9.196154, -3.4019203, 1.9641018)

[node name="RegularFloorPlate175" parent="ressourced" index="34" instance=ExtResource("3_u7efl")]
transform = Transform3D(-0.8660255, 2.381319e-08, -0.50000006, -0.43301293, 0.5, 0.75, 0.2499998, 0.86602545, -0.4330127, 7.4641013, -4.267947, 2.4641023)

[node name="RegularFloorPlate176" parent="ressourced" index="35" instance=ExtResource("3_u7efl")]
transform = Transform3D(-0.8660255, 2.381319e-08, -0.50000006, -0.43301293, 0.5, 0.75, 0.24999979, 0.86602545, -0.4330127, 5.7320514, -5.133972, 2.9641023)

[node name="RegularFloorPlate177" parent="ressourced" index="36" instance=ExtResource("3_u7efl")]
transform = Transform3D(-0.8660255, 2.381319e-08, -0.50000006, -0.43301293, 0.5, 0.75, 0.24999978, 0.86602545, -0.4330127, 4.0000005, -5.999998, 3.4641023)

[node name="RegularFloorPlate178" parent="ressourced" index="37" instance=ExtResource("3_u7efl")]
transform = Transform3D(-0.8660255, 2.381319e-08, -0.50000006, -0.43301296, 0.5, 0.75, 0.24999976, 0.86602545, -0.4330127, 2.2679496, -6.866024, 3.9641013)

[node name="RegularFloorPlate179" parent="ressourced" index="38" instance=ExtResource("3_u7efl")]
transform = Transform3D(-0.86602557, 2.381319e-08, -0.50000006, -0.433013, 0.5, 0.75, 0.24999978, 0.86602545, -0.4330127, 0.5358987, -7.732048, 4.4641023)

[node name="RegularFloorPlate180" parent="ressourced" index="39" instance=ExtResource("3_u7efl")]
transform = Transform3D(-0.86602557, 2.381319e-08, -0.50000006, -0.433013, 0.5, 0.75, 0.24999978, 0.86602545, -0.4330127, -1.1961522, -8.598074, 4.9641013)

[node name="RegularFloorPlate181" parent="ressourced" index="40" instance=ExtResource("3_u7efl")]
transform = Transform3D(-0.8660255, 2.381319e-08, -0.50000006, -0.43301293, 0.5, 0.75, 0.2499998, 0.86602545, -0.4330127, 10.196154, -4.9019194, 2.8301272)

[node name="RegularFloorPlate182" parent="ressourced" index="41" instance=ExtResource("3_u7efl")]
transform = Transform3D(-0.8660255, 2.381319e-08, -0.50000006, -0.43301293, 0.5, 0.75, 0.24999979, 0.86602545, -0.4330127, 8.464102, -5.767948, 3.3301282)

[node name="RegularFloorPlate183" parent="ressourced" index="42" instance=ExtResource("3_u7efl")]
transform = Transform3D(-0.8660255, 2.381319e-08, -0.50000006, -0.43301293, 0.5, 0.75, 0.24999978, 0.86602545, -0.4330127, 6.7320514, -6.633973, 3.8301287)

[node name="RegularFloorPlate184" parent="ressourced" index="43" instance=ExtResource("3_u7efl")]
transform = Transform3D(-0.8660255, 2.381319e-08, -0.50000006, -0.43301296, 0.5, 0.75, 0.24999976, 0.86602545, -0.4330127, 5.0000014, -7.499999, 4.330128)

[node name="RegularFloorPlate185" parent="ressourced" index="44" instance=ExtResource("3_u7efl")]
transform = Transform3D(-0.86602557, 2.381319e-08, -0.50000006, -0.433013, 0.5, 0.75, 0.24999978, 0.86602545, -0.4330127, 3.26795, -8.366025, 4.8301272)

[node name="RegularFloorPlate186" parent="ressourced" index="45" instance=ExtResource("3_u7efl")]
transform = Transform3D(-0.86602557, 2.381319e-08, -0.50000006, -0.433013, 0.5, 0.75, 0.24999978, 0.86602545, -0.4330127, 1.5358987, -9.232048, 5.330128)

[node name="RegularFloorPlate187" parent="ressourced" index="46" instance=ExtResource("3_u7efl")]
transform = Transform3D(-0.86602557, 2.381319e-08, -0.50000006, -0.433013, 0.5, 0.75, 0.24999978, 0.86602545, -0.4330127, -0.19615221, -10.098074, 5.8301272)

[node name="RegularFloorPlate188" parent="ressourced" index="47" instance=ExtResource("3_u7efl")]
transform = Transform3D(-0.8660255, 2.381319e-08, -0.50000006, -0.43301293, 0.5, 0.75, 0.24999979, 0.86602545, -0.4330127, 11.196154, -6.4019194, 3.6961532)

[node name="RegularFloorPlate189" parent="ressourced" index="48" instance=ExtResource("3_u7efl")]
transform = Transform3D(-0.8660255, 2.381319e-08, -0.50000006, -0.43301293, 0.5, 0.75, 0.24999978, 0.86602545, -0.4330127, 9.464102, -7.267948, 4.196154)

[node name="RegularFloorPlate190" parent="ressourced" index="49" instance=ExtResource("3_u7efl")]
transform = Transform3D(-0.8660255, 2.381319e-08, -0.50000006, -0.43301296, 0.5, 0.75, 0.24999976, 0.86602545, -0.4330127, 7.7320514, -8.133973, 4.696154)

[node name="RegularFloorPlate191" parent="ressourced" index="50" instance=ExtResource("3_u7efl")]
transform = Transform3D(-0.86602557, 2.381319e-08, -0.50000006, -0.433013, 0.5, 0.75, 0.24999978, 0.86602545, -0.4330127, 6.0000014, -8.999999, 5.196154)

[node name="RegularFloorPlate319" parent="ressourced" index="51" instance=ExtResource("3_u7efl")]
transform = Transform3D(-0.86602557, 2.381319e-08, -0.50000006, -0.433013, 0.5, 0.75, 0.24999978, 0.86602545, -0.4330127, 7.0000005, -10.499998, 6.06218)

[node name="RegularFloorPlate192" parent="ressourced" index="52" instance=ExtResource("3_u7efl")]
transform = Transform3D(-0.86602557, 2.381319e-08, -0.50000006, -0.433013, 0.5, 0.75, 0.24999978, 0.86602545, -0.4330127, 4.2679496, -9.866025, 5.696153)

[node name="RegularFloorPlate258" parent="ressourced" index="53" instance=ExtResource("3_u7efl")]
transform = Transform3D(-0.86602557, 2.381319e-08, -0.50000006, -0.433013, 0.5, 0.75, 0.24999978, 0.86602545, -0.4330127, 5.2679496, -11.366026, 6.562178)

[node name="RegularFloorPlate259" parent="ressourced" index="54" instance=ExtResource("3_u7efl")]
transform = Transform3D(-0.86602557, 2.381319e-08, -0.50000006, -0.433013, 0.5, 0.75, 0.24999978, 0.86602545, -0.4330127, 3.5358982, -12.232052, 7.062178)

[node name="RegularFloorPlate260" parent="ressourced" index="55" instance=ExtResource("3_u7efl")]
transform = Transform3D(-0.86602557, 2.381319e-08, -0.50000006, -0.433013, 0.5, 0.75, 0.24999978, 0.86602545, -0.4330127, 1.8038468, -13.098078, 7.562178)

[node name="RegularFloorPlate261" parent="ressourced" index="56" instance=ExtResource("3_u7efl")]
transform = Transform3D(-0.86602557, 2.381319e-08, -0.50000006, -0.433013, 0.5, 0.75, 0.24999978, 0.86602545, -0.4330127, 8.73205, -9.633975, 5.562178)

[node name="RegularFloorPlate262" parent="ressourced" index="57" instance=ExtResource("3_u7efl")]
transform = Transform3D(-0.86602557, 2.381319e-08, -0.50000006, -0.433013, 0.5, 0.75, 0.24999978, 0.86602545, -0.4330127, 10.4641, -8.767949, 5.062178)

[node name="RegularFloorPlate263" parent="ressourced" index="58" instance=ExtResource("3_u7efl")]
transform = Transform3D(-0.86602557, 2.381319e-08, -0.50000006, -0.433013, 0.5, 0.75, 0.24999978, 0.86602545, -0.4330127, 12.196152, -7.901924, 4.562178)

[node name="RegularFloorPlate264" parent="ressourced" index="59" instance=ExtResource("3_u7efl")]
transform = Transform3D(-0.86602557, 2.381319e-08, -0.50000006, -0.433013, 0.5, 0.75, 0.24999978, 0.86602545, -0.4330127, 12.196152, -7.901924, 4.562178)

[node name="RegularFloorPlate193" parent="ressourced" index="60" instance=ExtResource("3_u7efl")]
transform = Transform3D(-0.86602557, 2.381319e-08, -0.50000006, -0.433013, 0.5, 0.75, 0.24999978, 0.86602545, -0.4330127, 2.5358987, -10.732048, 6.196154)

[node name="RegularFloorPlate194" parent="ressourced" index="61" instance=ExtResource("3_u7efl")]
transform = Transform3D(-0.86602557, 2.381319e-08, -0.50000006, -0.433013, 0.5, 0.75, 0.24999978, 0.86602545, -0.4330127, 0.8038473, -11.598074, 6.696153)

[node name="RegularFloorPlate195" parent="ressourced" index="62" instance=ExtResource("3_u7efl")]
transform = Transform3D(-0.8660255, 2.381319e-08, -0.50000006, -0.43301293, 0.5, 0.75, 0.24999978, 0.86602545, -0.4330127, 13.196156, -9.401918, 5.428204)

[node name="RegularFloorPlate196" parent="ressourced" index="63" instance=ExtResource("3_u7efl")]
transform = Transform3D(-0.8660255, 2.381319e-08, -0.50000006, -0.43301296, 0.5, 0.75, 0.24999976, 0.86602545, -0.4330127, 11.464102, -10.267948, 5.928204)

[node name="RegularFloorPlate197" parent="ressourced" index="64" instance=ExtResource("3_u7efl")]
transform = Transform3D(-0.86602557, 2.381319e-08, -0.50000006, -0.433013, 0.5, 0.75, 0.24999978, 0.86602545, -0.4330127, 9.732052, -11.133972, 6.428205)

[node name="RegularFloorPlate198" parent="ressourced" index="65" instance=ExtResource("3_u7efl")]
transform = Transform3D(-0.86602557, 2.381319e-08, -0.50000006, -0.433013, 0.5, 0.75, 0.24999978, 0.86602545, -0.4330127, 8.000002, -11.999998, 6.928205)

[node name="RegularFloorPlate199" parent="ressourced" index="66" instance=ExtResource("3_u7efl")]
transform = Transform3D(-0.86602557, 2.381319e-08, -0.50000006, -0.433013, 0.5, 0.75, 0.24999978, 0.86602545, -0.4330127, 6.2679505, -12.866026, 7.428203)

[node name="RegularFloorPlate200" parent="ressourced" index="67" instance=ExtResource("3_u7efl")]
transform = Transform3D(-0.86602557, 2.381319e-08, -0.50000006, -0.433013, 0.5, 0.75, 0.24999978, 0.86602545, -0.4330127, 4.5358987, -13.732048, 7.928205)

[node name="RegularFloorPlate201" parent="ressourced" index="68" instance=ExtResource("3_u7efl")]
transform = Transform3D(-0.86602557, 2.381319e-08, -0.50000006, -0.433013, 0.5, 0.75, 0.24999978, 0.86602545, -0.4330127, 2.8038468, -14.598074, 8.428204)

[node name="RegularFloorPlate13" parent="ressourced" index="69" instance=ExtResource("3_u7efl")]
transform = Transform3D(-0.8660255, 2.381319e-08, -0.50000006, -0.43301296, 0.5, 0.75, 0.24999976, 0.86602545, -0.4330127, -6.928203, -3.4641008, 2)

[node name="RegularFloorPlate14" parent="ressourced" index="70" instance=ExtResource("3_u7efl")]
transform = Transform3D(-0.86602557, 2.381319e-08, -0.50000006, -0.433013, 0.5, 0.75, 0.24999978, 0.86602545, -0.4330127, -8.660254, -4.330126, 2.5000005)

[node name="RegularFloorPlate15" parent="ressourced" index="71" instance=ExtResource("3_u7efl")]
transform = Transform3D(-0.86602557, 2.381319e-08, -0.50000006, -0.433013, 0.5, 0.75, 0.24999978, 0.86602545, -0.4330127, -10.392305, -5.1961517, 3.0000005)

[node name="RegularFloorPlate16" parent="ressourced" index="72" instance=ExtResource("3_u7efl")]
transform = Transform3D(-0.86602557, 2.381319e-08, -0.50000006, -0.433013, 0.5, 0.75, 0.24999978, 0.86602545, -0.4330127, -12.124355, -6.0621777, 3.5000005)

[node name="RegularFloorPlate17" parent="ressourced" index="73" instance=ExtResource("3_u7efl")]
transform = Transform3D(-0.86602557, 2.381319e-08, -0.50000006, -0.433013, 0.5, 0.75, 0.24999978, 0.86602545, -0.4330127, -13.856407, -6.9282055, 4.000001)

[node name="RegularFloorPlate18" parent="ressourced" index="74" instance=ExtResource("3_u7efl")]
transform = Transform3D(-0.8660254, 2.381319e-08, -0.50000006, -0.4330128, 0.5, 0.75, 0.24999996, 0.86602545, -0.4330127, 12.856407, 8.428205, -4.866025)

[node name="RegularFloorPlate19" parent="ressourced" index="75" instance=ExtResource("3_u7efl")]
transform = Transform3D(-0.8660255, 2.381319e-08, -0.50000006, -0.43301287, 0.5, 0.75, 0.24999997, 0.86602545, -0.4330127, 11.124355, 7.5621796, -4.366025)

[node name="RegularFloorPlate20" parent="ressourced" index="76" instance=ExtResource("3_u7efl")]
transform = Transform3D(-0.8660255, 2.381319e-08, -0.50000006, -0.4330129, 0.5, 0.75, 0.24999996, 0.86602545, -0.4330127, 9.392303, 6.6961546, -3.8660247)

[node name="RegularFloorPlate21" parent="ressourced" index="77" instance=ExtResource("3_u7efl")]
transform = Transform3D(-0.8660255, 2.381319e-08, -0.50000006, -0.4330129, 0.5, 0.75, 0.24999993, 0.86602545, -0.4330127, 7.660254, 5.8301296, -3.3660252)

[node name="RegularFloorPlate22" parent="ressourced" index="78" instance=ExtResource("3_u7efl")]
transform = Transform3D(-0.8660255, 2.381319e-08, -0.50000006, -0.4330129, 0.5, 0.75, 0.24999991, 0.86602545, -0.4330127, 5.928203, 4.964104, -2.866025)

[node name="RegularFloorPlate23" parent="ressourced" index="79" instance=ExtResource("3_u7efl")]
transform = Transform3D(-0.8660255, 2.381319e-08, -0.50000006, -0.43301287, 0.5, 0.75, 0.24999988, 0.86602545, -0.4330127, 4.196152, 4.0980787, -2.366025)

[node name="RegularFloorPlate24" parent="ressourced" index="80" instance=ExtResource("3_u7efl")]
transform = Transform3D(-0.8660255, 2.381319e-08, -0.50000006, -0.4330129, 0.5, 0.75, 0.24999987, 0.86602545, -0.4330127, 2.4641013, 3.232053, -1.866025)

[node name="RegularFloorPlate25" parent="ressourced" index="81" instance=ExtResource("3_u7efl")]
transform = Transform3D(-0.8660255, 2.381319e-08, -0.50000006, -0.4330129, 0.5, 0.75, 0.24999985, 0.86602545, -0.4330127, 0.7320509, 2.3660274, -1.366025)

[node name="RegularFloorPlate26" parent="ressourced" index="82" instance=ExtResource("3_u7efl")]
transform = Transform3D(-0.8660255, 2.381319e-08, -0.50000006, -0.43301293, 0.5, 0.75, 0.24999982, 0.86602545, -0.4330127, -1, 1.5000019, -0.866025)

[node name="RegularFloorPlate27" parent="ressourced" index="83" instance=ExtResource("3_u7efl")]
transform = Transform3D(-0.8660255, 2.381319e-08, -0.50000006, -0.43301293, 0.5, 0.75, 0.2499998, 0.86602545, -0.4330127, -2.732051, 0.63397646, -0.36602497)

[node name="RegularFloorPlate28" parent="ressourced" index="84" instance=ExtResource("3_u7efl")]
transform = Transform3D(-0.8660255, 2.381319e-08, -0.50000006, -0.43301293, 0.5, 0.75, 0.24999979, 0.86602545, -0.4330127, -4.464102, -0.23204899, 0.13397503)

[node name="RegularFloorPlate29" parent="ressourced" index="85" instance=ExtResource("3_u7efl")]
transform = Transform3D(-0.8660255, 2.381319e-08, -0.50000006, -0.43301293, 0.5, 0.75, 0.24999978, 0.86602545, -0.4330127, -6.1961527, -1.0980749, 0.633975)

[node name="RegularFloorPlate30" parent="ressourced" index="86" instance=ExtResource("3_u7efl")]
transform = Transform3D(-0.8660255, 2.381319e-08, -0.50000006, -0.43301296, 0.5, 0.75, 0.24999976, 0.86602545, -0.4330127, -7.9282036, -1.9641008, 1.1339746)

[node name="RegularFloorPlate31" parent="ressourced" index="87" instance=ExtResource("3_u7efl")]
transform = Transform3D(-0.86602557, 2.381319e-08, -0.50000006, -0.433013, 0.5, 0.75, 0.24999978, 0.86602545, -0.4330127, -9.660254, -2.8301258, 1.633975)

[node name="RegularFloorPlate32" parent="ressourced" index="88" instance=ExtResource("3_u7efl")]
transform = Transform3D(-0.86602557, 2.381319e-08, -0.50000006, -0.433013, 0.5, 0.75, 0.24999978, 0.86602545, -0.4330127, -11.392305, -3.6961517, 2.133975)

[node name="RegularFloorPlate33" parent="ressourced" index="89" instance=ExtResource("3_u7efl")]
transform = Transform3D(-0.86602557, 2.381319e-08, -0.50000006, -0.433013, 0.5, 0.75, 0.24999978, 0.86602545, -0.4330127, -13.124355, -4.5621777, 2.633975)

[node name="RegularFloorPlate34" parent="ressourced" index="90" instance=ExtResource("3_u7efl")]
transform = Transform3D(-0.86602557, 2.381319e-08, -0.50000006, -0.433013, 0.5, 0.75, 0.24999978, 0.86602545, -0.4330127, -14.856407, -5.4282055, 3.1339755)

[node name="RegularFloorPlate35" parent="ressourced" index="91" instance=ExtResource("3_u7efl")]
transform = Transform3D(-0.8660254, 2.381319e-08, -0.50000006, -0.4330128, 0.5, 0.75, 0.24999996, 0.86602545, -0.4330127, 11.856405, 9.928205, -5.7320504)

[node name="RegularFloorPlate36" parent="ressourced" index="92" instance=ExtResource("3_u7efl")]
transform = Transform3D(-0.8660255, 2.381319e-08, -0.50000006, -0.43301287, 0.5, 0.75, 0.24999997, 0.86602545, -0.4330127, 10.124355, 9.06218, -5.23205)

[node name="RegularFloorPlate37" parent="ressourced" index="93" instance=ExtResource("3_u7efl")]
transform = Transform3D(-0.8660255, 2.381319e-08, -0.50000006, -0.4330129, 0.5, 0.75, 0.24999996, 0.86602545, -0.4330127, 8.392303, 8.196155, -4.73205)

[node name="RegularFloorPlate38" parent="ressourced" index="94" instance=ExtResource("3_u7efl")]
transform = Transform3D(-0.8660255, 2.381319e-08, -0.50000006, -0.4330129, 0.5, 0.75, 0.24999993, 0.86602545, -0.4330127, 6.660254, 7.3301296, -4.2320504)

[node name="RegularFloorPlate39" parent="ressourced" index="95" instance=ExtResource("3_u7efl")]
transform = Transform3D(-0.8660255, 2.381319e-08, -0.50000006, -0.4330129, 0.5, 0.75, 0.24999991, 0.86602545, -0.4330127, 4.928203, 6.4641037, -3.7320504)

[node name="RegularFloorPlate40" parent="ressourced" index="96" instance=ExtResource("3_u7efl")]
transform = Transform3D(-0.8660255, 2.381319e-08, -0.50000006, -0.43301287, 0.5, 0.75, 0.24999988, 0.86602545, -0.4330127, 3.1961522, 5.5980783, -3.2320504)

[node name="RegularFloorPlate41" parent="ressourced" index="97" instance=ExtResource("3_u7efl")]
transform = Transform3D(-0.8660255, 2.381319e-08, -0.50000006, -0.4330129, 0.5, 0.75, 0.24999987, 0.86602545, -0.4330127, 1.4641013, 4.732053, -2.7320504)

[node name="RegularFloorPlate42" parent="ressourced" index="98" instance=ExtResource("3_u7efl")]
transform = Transform3D(-0.8660255, 2.381319e-08, -0.50000006, -0.4330129, 0.5, 0.75, 0.24999985, 0.86602545, -0.4330127, -0.2679491, 3.8660274, -2.2320504)

[node name="RegularFloorPlate43" parent="ressourced" index="99" instance=ExtResource("3_u7efl")]
transform = Transform3D(-0.8660255, 2.381319e-08, -0.50000006, -0.43301293, 0.5, 0.75, 0.24999982, 0.86602545, -0.4330127, -2, 3.0000017, -1.7320503)

[node name="RegularFloorPlate44" parent="ressourced" index="100" instance=ExtResource("3_u7efl")]
transform = Transform3D(-0.8660255, 2.381319e-08, -0.50000006, -0.43301293, 0.5, 0.75, 0.2499998, 0.86602545, -0.4330127, -3.732051, 2.133976, -1.2320504)

[node name="RegularFloorPlate45" parent="ressourced" index="101" instance=ExtResource("3_u7efl")]
transform = Transform3D(-0.8660255, 2.381319e-08, -0.50000006, -0.43301293, 0.5, 0.75, 0.24999979, 0.86602545, -0.4330127, -5.464102, 1.2679505, -0.7320504)

[node name="RegularFloorPlate46" parent="ressourced" index="102" instance=ExtResource("3_u7efl")]
transform = Transform3D(-0.8660255, 2.381319e-08, -0.50000006, -0.43301293, 0.5, 0.75, 0.24999978, 0.86602545, -0.4330127, -7.1961527, 0.4019251, -0.23205042)

[node name="RegularFloorPlate47" parent="ressourced" index="103" instance=ExtResource("3_u7efl")]
transform = Transform3D(-0.8660255, 2.381319e-08, -0.50000006, -0.43301296, 0.5, 0.75, 0.24999976, 0.86602545, -0.4330127, -8.928204, -0.46410084, 0.26794958)

[node name="RegularFloorPlate48" parent="ressourced" index="104" instance=ExtResource("3_u7efl")]
transform = Transform3D(-0.86602557, 2.381319e-08, -0.50000006, -0.433013, 0.5, 0.75, 0.24999978, 0.86602545, -0.4330127, -10.660254, -1.3301268, 0.7679496)

[node name="RegularFloorPlate49" parent="ressourced" index="105" instance=ExtResource("3_u7efl")]
transform = Transform3D(-0.86602557, 2.381319e-08, -0.50000006, -0.433013, 0.5, 0.75, 0.24999978, 0.86602545, -0.4330127, -12.392305, -2.1961527, 1.2679496)

[node name="RegularFloorPlate50" parent="ressourced" index="106" instance=ExtResource("3_u7efl")]
transform = Transform3D(-0.86602557, 2.381319e-08, -0.50000006, -0.433013, 0.5, 0.75, 0.24999978, 0.86602545, -0.4330127, -14.124355, -3.0621777, 1.7679496)

[node name="RegularFloorPlate51" parent="ressourced" index="107" instance=ExtResource("3_u7efl")]
transform = Transform3D(-0.86602557, 2.381319e-08, -0.50000006, -0.433013, 0.5, 0.75, 0.24999978, 0.86602545, -0.4330127, -15.856409, -3.9282055, 2.2679505)

[node name="RegularFloorPlate52" parent="ressourced" index="108" instance=ExtResource("3_u7efl")]
transform = Transform3D(-0.8660255, 2.381319e-08, -0.50000006, -0.43301287, 0.5, 0.75, 0.24999997, 0.86602545, -0.4330127, 10.856407, 11.4282055, -6.598076)

[node name="RegularFloorPlate53" parent="ressourced" index="109" instance=ExtResource("3_u7efl")]
transform = Transform3D(-0.8660255, 2.381319e-08, -0.50000006, -0.4330129, 0.5, 0.75, 0.24999996, 0.86602545, -0.4330127, 9.124355, 10.5621805, -6.098076)

[node name="RegularFloorPlate54" parent="ressourced" index="110" instance=ExtResource("3_u7efl")]
transform = Transform3D(-0.8660255, 2.381319e-08, -0.50000006, -0.4330129, 0.5, 0.75, 0.24999993, 0.86602545, -0.4330127, 7.392304, 9.696155, -5.5980754)

[node name="RegularFloorPlate55" parent="ressourced" index="111" instance=ExtResource("3_u7efl")]
transform = Transform3D(-0.8660255, 2.381319e-08, -0.50000006, -0.4330129, 0.5, 0.75, 0.24999991, 0.86602545, -0.4330127, 5.660253, 8.83013, -5.098076)

[node name="RegularFloorPlate56" parent="ressourced" index="112" instance=ExtResource("3_u7efl")]
transform = Transform3D(-0.8660255, 2.381319e-08, -0.50000006, -0.43301287, 0.5, 0.75, 0.24999988, 0.86602545, -0.4330127, 3.928203, 7.964104, -4.598076)

[node name="RegularFloorPlate57" parent="ressourced" index="113" instance=ExtResource("3_u7efl")]
transform = Transform3D(-0.8660255, 2.381319e-08, -0.50000006, -0.4330129, 0.5, 0.75, 0.24999987, 0.86602545, -0.4330127, 2.1961522, 7.0980787, -4.098076)

[node name="RegularFloorPlate58" parent="ressourced" index="114" instance=ExtResource("3_u7efl")]
transform = Transform3D(-0.8660255, 2.381319e-08, -0.50000006, -0.4330129, 0.5, 0.75, 0.24999985, 0.86602545, -0.4330127, 0.4641013, 6.2320533, -3.5980756)

[node name="RegularFloorPlate59" parent="ressourced" index="115" instance=ExtResource("3_u7efl")]
transform = Transform3D(-0.8660255, 2.381319e-08, -0.50000006, -0.43301293, 0.5, 0.75, 0.24999982, 0.86602545, -0.4330127, -1.2679491, 5.3660274, -3.0980756)

[node name="RegularFloorPlate60" parent="ressourced" index="116" instance=ExtResource("3_u7efl")]
transform = Transform3D(-0.8660255, 2.381319e-08, -0.50000006, -0.43301293, 0.5, 0.75, 0.2499998, 0.86602545, -0.4330127, -3, 4.500002, -2.5980754)

[node name="RegularFloorPlate61" parent="ressourced" index="117" instance=ExtResource("3_u7efl")]
transform = Transform3D(-0.8660255, 2.381319e-08, -0.50000006, -0.43301293, 0.5, 0.75, 0.24999979, 0.86602545, -0.4330127, -4.7320514, 3.6339765, -2.0980756)

[node name="RegularFloorPlate62" parent="ressourced" index="118" instance=ExtResource("3_u7efl")]
transform = Transform3D(-0.8660255, 2.381319e-08, -0.50000006, -0.43301293, 0.5, 0.75, 0.24999978, 0.86602545, -0.4330127, -6.464102, 2.767951, -1.5980756)

[node name="RegularFloorPlate63" parent="ressourced" index="119" instance=ExtResource("3_u7efl")]
transform = Transform3D(-0.8660255, 2.381319e-08, -0.50000006, -0.43301296, 0.5, 0.75, 0.24999976, 0.86602545, -0.4330127, -8.196154, 1.9019246, -1.0980756)

[node name="RegularFloorPlate64" parent="ressourced" index="120" instance=ExtResource("3_u7efl")]
transform = Transform3D(-0.86602557, 2.381319e-08, -0.50000006, -0.433013, 0.5, 0.75, 0.24999978, 0.86602545, -0.4330127, -9.928204, 1.0358992, -0.59807634)

[node name="RegularFloorPlate65" parent="ressourced" index="121" instance=ExtResource("3_u7efl")]
transform = Transform3D(-0.86602557, 2.381319e-08, -0.50000006, -0.433013, 0.5, 0.75, 0.24999978, 0.86602545, -0.4330127, -11.6602545, 0.16987324, -0.09807539)

[node name="RegularFloorPlate66" parent="ressourced" index="122" instance=ExtResource("3_u7efl")]
transform = Transform3D(-0.86602557, 2.381319e-08, -0.50000006, -0.433013, 0.5, 0.75, 0.24999978, 0.86602545, -0.4330127, -13.392305, -0.6961527, 0.4019246)

[node name="RegularFloorPlate67" parent="ressourced" index="123" instance=ExtResource("3_u7efl")]
transform = Transform3D(-0.86602557, 2.381319e-08, -0.50000006, -0.433013, 0.5, 0.75, 0.24999978, 0.86602545, -0.4330127, -15.124355, -1.5621777, 0.90192413)

[node name="RegularFloorPlate68" parent="ressourced" index="124" instance=ExtResource("3_u7efl")]
transform = Transform3D(-0.86602557, 2.381319e-08, -0.50000006, -0.433013, 0.5, 0.75, 0.24999978, 0.86602545, -0.4330127, -16.856407, -2.4282064, 1.4019251)

[node name="RegularFloorPlate69" parent="ressourced" index="125" instance=ExtResource("3_u7efl")]
transform = Transform3D(-0.8660254, 2.381319e-08, -0.50000006, -0.4330128, 0.5, 0.75, 0.24999996, 0.86602545, -0.4330127, 9.856405, 12.928205, -7.464101)

[node name="RegularFloorPlate70" parent="ressourced" index="126" instance=ExtResource("3_u7efl")]
transform = Transform3D(-0.8660255, 2.381319e-08, -0.50000006, -0.43301287, 0.5, 0.75, 0.24999997, 0.86602545, -0.4330127, 8.124355, 12.06218, -6.964101)

[node name="RegularFloorPlate71" parent="ressourced" index="127" instance=ExtResource("3_u7efl")]
transform = Transform3D(-0.8660255, 2.381319e-08, -0.50000006, -0.4330129, 0.5, 0.75, 0.24999996, 0.86602545, -0.4330127, 6.392304, 11.196155, -6.464101)

[node name="RegularFloorPlate72" parent="ressourced" index="128" instance=ExtResource("3_u7efl")]
transform = Transform3D(-0.8660255, 2.381319e-08, -0.50000006, -0.4330129, 0.5, 0.75, 0.24999993, 0.86602545, -0.4330127, 4.660253, 10.33013, -5.9641013)

[node name="RegularFloorPlate73" parent="ressourced" index="129" instance=ExtResource("3_u7efl")]
transform = Transform3D(-0.8660255, 2.381319e-08, -0.50000006, -0.4330129, 0.5, 0.75, 0.24999991, 0.86602545, -0.4330127, 2.928203, 9.464104, -5.464101)

[node name="RegularFloorPlate74" parent="ressourced" index="130" instance=ExtResource("3_u7efl")]
transform = Transform3D(-0.8660255, 2.381319e-08, -0.50000006, -0.43301287, 0.5, 0.75, 0.24999988, 0.86602545, -0.4330127, 1.1961522, 8.598078, -4.964101)

[node name="RegularFloorPlate75" parent="ressourced" index="131" instance=ExtResource("3_u7efl")]
transform = Transform3D(-0.8660255, 2.381319e-08, -0.50000006, -0.4330129, 0.5, 0.75, 0.24999987, 0.86602545, -0.4330127, -0.5358987, 7.732053, -4.464101)

[node name="RegularFloorPlate76" parent="ressourced" index="132" instance=ExtResource("3_u7efl")]
transform = Transform3D(-0.8660255, 2.381319e-08, -0.50000006, -0.4330129, 0.5, 0.75, 0.24999985, 0.86602545, -0.4330127, -2.2679493, 6.8660274, -3.964101)

[node name="RegularFloorPlate78" parent="ressourced" index="133" instance=ExtResource("3_u7efl")]
transform = Transform3D(-0.8660255, 2.381319e-08, -0.50000006, -0.43301293, 0.5, 0.75, 0.2499998, 0.86602545, -0.4330127, -5.732051, 5.133976, -2.964101)

[node name="RegularFloorPlate79" parent="ressourced" index="134" instance=ExtResource("3_u7efl")]
transform = Transform3D(-0.8660255, 2.381319e-08, -0.50000006, -0.43301293, 0.5, 0.75, 0.24999979, 0.86602545, -0.4330127, -7.464102, 4.2679505, -2.4641008)

[node name="RegularFloorPlate80" parent="ressourced" index="135" instance=ExtResource("3_u7efl")]
transform = Transform3D(-0.8660255, 2.381319e-08, -0.50000006, -0.43301293, 0.5, 0.75, 0.24999978, 0.86602545, -0.4330127, -9.196153, 3.4019248, -1.9641011)

[node name="RegularFloorPlate81" parent="ressourced" index="136" instance=ExtResource("3_u7efl")]
transform = Transform3D(-0.8660255, 2.381319e-08, -0.50000006, -0.43301296, 0.5, 0.75, 0.24999976, 0.86602545, -0.4330127, -10.928204, 2.535899, -1.4641013)

[node name="RegularFloorPlate82" parent="ressourced" index="137" instance=ExtResource("3_u7efl")]
transform = Transform3D(-0.86602557, 2.381319e-08, -0.50000006, -0.433013, 0.5, 0.75, 0.24999978, 0.86602545, -0.4330127, -12.660255, 1.6698732, -0.9641011)

[node name="RegularFloorPlate83" parent="ressourced" index="138" instance=ExtResource("3_u7efl")]
transform = Transform3D(-0.86602557, 2.381319e-08, -0.50000006, -0.433013, 0.5, 0.75, 0.24999978, 0.86602545, -0.4330127, -14.392305, 0.8038473, -0.46410108)

[node name="RegularFloorPlate84" parent="ressourced" index="139" instance=ExtResource("3_u7efl")]
transform = Transform3D(-0.86602557, 2.381319e-08, -0.50000006, -0.433013, 0.5, 0.75, 0.24999978, 0.86602545, -0.4330127, -16.124355, -0.062178135, 0.035898924)

[node name="RegularFloorPlate85" parent="ressourced" index="140" instance=ExtResource("3_u7efl")]
transform = Transform3D(-0.86602557, 2.381319e-08, -0.50000006, -0.433013, 0.5, 0.75, 0.24999978, 0.86602545, -0.4330127, -17.85641, -0.9282055, 0.53589964)

[node name="RegularFloorPlate86" parent="ressourced" index="141" instance=ExtResource("3_u7efl")]
transform = Transform3D(-0.8660255, 2.381319e-08, -0.50000006, -0.43301287, 0.5, 0.75, 0.24999997, 0.86602545, -0.4330127, 8.856407, 14.4282055, -8.330126)

[node name="RegularFloorPlate87" parent="ressourced" index="142" instance=ExtResource("3_u7efl")]
transform = Transform3D(-0.8660255, 2.381319e-08, -0.50000006, -0.4330129, 0.5, 0.75, 0.24999996, 0.86602545, -0.4330127, 7.124356, 13.5621805, -7.8301263)

[node name="RegularFloorPlate88" parent="ressourced" index="143" instance=ExtResource("3_u7efl")]
transform = Transform3D(-0.8660255, 2.381319e-08, -0.50000006, -0.4330129, 0.5, 0.75, 0.24999993, 0.86602545, -0.4330127, 5.392303, 12.696155, -7.330126)

[node name="RegularFloorPlate89" parent="ressourced" index="144" instance=ExtResource("3_u7efl")]
transform = Transform3D(-0.8660255, 2.381319e-08, -0.50000006, -0.4330129, 0.5, 0.75, 0.24999991, 0.86602545, -0.4330127, 3.660253, 11.83013, -6.830127)

[node name="RegularFloorPlate90" parent="ressourced" index="145" instance=ExtResource("3_u7efl")]
transform = Transform3D(-0.8660255, 2.381319e-08, -0.50000006, -0.43301287, 0.5, 0.75, 0.24999988, 0.86602545, -0.4330127, 1.9282026, 10.964104, -6.3301263)

[node name="RegularFloorPlate91" parent="ressourced" index="146" instance=ExtResource("3_u7efl")]
transform = Transform3D(-0.8660255, 2.381319e-08, -0.50000006, -0.4330129, 0.5, 0.75, 0.24999987, 0.86602545, -0.4330127, 0.19615173, 10.098079, -5.8301263)

[node name="RegularFloorPlate92" parent="ressourced" index="147" instance=ExtResource("3_u7efl")]
transform = Transform3D(-0.8660255, 2.381319e-08, -0.50000006, -0.4330129, 0.5, 0.75, 0.24999985, 0.86602545, -0.4330127, -1.5358992, 9.232054, -5.3301263)

[node name="RegularFloorPlate93" parent="ressourced" index="148" instance=ExtResource("3_u7efl")]
transform = Transform3D(-0.8660255, 2.381319e-08, -0.50000006, -0.43301293, 0.5, 0.75, 0.24999982, 0.86602545, -0.4330127, -3.2679496, 8.366028, -4.8301263)

[node name="RegularFloorPlate94" parent="ressourced" index="149" instance=ExtResource("3_u7efl")]
transform = Transform3D(-0.8660255, 2.381319e-08, -0.50000006, -0.43301293, 0.5, 0.75, 0.2499998, 0.86602545, -0.4330127, -5.0000005, 7.500002, -4.3301263)

[node name="RegularFloorPlate95" parent="ressourced" index="150" instance=ExtResource("3_u7efl")]
transform = Transform3D(-0.8660255, 2.381319e-08, -0.50000006, -0.43301293, 0.5, 0.75, 0.24999979, 0.86602545, -0.4330127, -6.7320514, 6.6339765, -3.8301263)

